 4.56120189e-04
 0.00000000e+00
 0.00000000e+00
 -9.48464687e-12
 1.94082757e-10
 -8.75495938e-10
 -1.32297960e-08
 -8.05455287e-09
 -1.16041186e-08
 -1.63336054e-08
 3.94500922e-09
 2.28153937e-09
 -6.56841365e-09
 -1.09281834e-08
 -4.40367037e-08
 -3.53246935e-08
 5.52067573e-10
 6.06645449e-10
 4.27539531e-13
 -3.79653176e-12
 0.00000000e+00
 -2.46139922e-12
 8.53055910e-11
 4.13877649e-09
 -4.00823409e-08
 -1.22484653e-07
 -5.09138870e-08
 -3.55830025e-07
 -4.40417267e-07
 -3.44691999e-07
 -5.06548300e-07
 -7.72483642e-07
 -1.04355613e-06
 -9.68265447e-07
 -8.83386153e-07
 -1.47960117e-07
 9.39461255e-09
 -4.30107648e-07
 -3.43012315e-07
 1.63162890e-08
 1.04729734e-10
 2.10900418e-11
 -9.09399641e-10
 -1.66230458e-08
 1.93231917e-07
 8.74083339e-07
 7.83945644e-07
 1.75734517e-06
 2.12500198e-06
 2.05691852e-06
 4.02212975e-06
 9.98982292e-06
 1.59518684e-05
 1.33889748e-05
 2.19239877e-05
 8.82240101e-06
 -1.34323606e-05
 -2.82503442e-06
 4.62377602e-06
 -4.26094834e-07
 -9.15112127e-08
 9.08381277e-11
 8.07268178e-10
 -2.99479000e-07
 2.25064323e-06
 6.75027603e-06
 8.40599003e-06
 1.46354870e-05
 7.00368071e-06
 1.83713866e-06
 -5.27694974e-07
 1.55979840e-05
 4.78412256e-05
 4.20162958e-05
 5.85655676e-05
 4.82720132e-05
 9.86533167e-06
 4.88745812e-06
 3.54970589e-06
 1.89056909e-06
 7.76368546e-07
 3.55369267e-10
 -3.39956037e-08
 -2.77149176e-07
 5.74169361e-06
 1.12045568e-05
 8.59899308e-07
 1.78782947e-05
 3.59278233e-05
 3.19027878e-05
 5.89528307e-05
 8.12578452e-05
 1.46672836e-04
 1.22579162e-04
 9.20723985e-05
 9.60181557e-05
 3.77537067e-05
 6.76490893e-06
 -3.49687383e-08
 5.37264824e-06
 1.86197610e-06
 -9.01434359e-10
 -4.37285232e-08
 -1.01050002e-07
 6.35967714e-06
 1.47254352e-05
 1.00238542e-05
 9.44969738e-05
 1.18007484e-04
 1.33397560e-04
 1.69587608e-04
 1.74568619e-04
 1.40127363e-04
 1.75964551e-04
 1.26649413e-04
 1.56809347e-04
 1.26818157e-04
 1.09523303e-04
 2.44278755e-05
 4.94565086e-06
 7.36071889e-07
 -4.24271790e-08
 3.48573080e-07
 3.04525067e-06
 1.20314831e-05
 5.41867585e-05
 9.11960032e-05
 1.71803924e-04
 1.68118301e-04
 2.18982297e-04
 2.16084985e-04
 2.13688945e-04
 1.36329471e-04
 1.34380867e-04
 1.51053427e-04
 2.02835605e-04
 1.98560708e-04
 8.68015964e-05
 3.11361169e-05
 1.17126182e-05
 -8.65901792e-07
 -4.73240309e-08
 2.09988971e-07
 2.03281085e-05
 3.80015710e-05
 1.11891804e-04
 1.70402571e-04
 1.97407361e-04
 1.70947231e-04
 1.72760453e-04
 1.69640549e-04
 1.18248046e-04
 1.49770008e-04
 1.17063262e-04
 1.83427186e-04
 1.68422832e-04
 1.90164130e-04
 7.88155440e-05
 2.83035108e-06
 4.94210833e-05
 7.99189316e-06
 -1.05356625e-08
 3.31544832e-07
 4.48100923e-05
 7.78183796e-05
 2.01583840e-04
 2.09735470e-04
 2.13756231e-04
 1.80401206e-04
 1.25516054e-04
 1.49363786e-04
 7.74036086e-05
 7.88036323e-05
 5.36088147e-05
 6.79759326e-05
 1.56894620e-04
 2.22705630e-04
 1.67016423e-04
 2.26352751e-05
 2.43407445e-05
 1.14669220e-05
 8.70369869e-09
 1.93387497e-07
 3.35298448e-05
 1.12230553e-04
 2.01457045e-04
 1.69449500e-04
 1.92521720e-04
 1.57659214e-04
 1.11205246e-04
 1.12796056e-04
 7.16316551e-06
 9.24144323e-05
 1.10437928e-04
 1.52166594e-04
 1.64002019e-04
 2.49553442e-04
 1.93636452e-04
 6.38362308e-05
 -1.59398766e-06
 4.33143245e-06
 1.92504935e-07
 1.18677767e-06
 -5.68458196e-06
 1.24858495e-04
 2.25428389e-04
 1.97254789e-04
 1.51412748e-04
 1.28811073e-04
 9.47825780e-05
 9.65325987e-05
 1.04640345e-04
 1.22491148e-04
 5.69209494e-05
 1.27681567e-04
 2.18207397e-04
 1.95480729e-04
 1.77020018e-04
 7.43235157e-05
 3.64029869e-05
 -1.26411730e-06
 2.61142407e-06
 2.27532530e-05
 5.04473297e-05
 1.21109369e-04
 1.90408095e-04
 2.17656438e-04
 1.63047643e-04
 1.50133003e-04
 1.09940329e-04
 6.39783279e-05
 4.70016360e-05
 1.57412372e-05
 9.49484106e-05
 1.25458184e-04
 1.89328627e-04
 1.82541394e-04
 1.41809637e-04
 4.49968533e-05
 2.93313320e-05
 -3.81446213e-06
 -2.22996792e-06
 3.84402298e-05
 3.00088656e-05
 7.79073445e-05
 1.95225824e-04
 1.69664140e-04
 1.85885675e-04
 1.52081001e-04
 9.52931238e-05
 8.06525824e-05
 6.40739510e-05
 1.62519734e-04
 1.44997318e-04
 1.80259756e-04
 1.97674174e-04
 2.11575335e-04
 9.71790442e-05
 1.74260841e-05
 5.07182426e-06
 -1.43448561e-06
 -1.55549607e-06
 1.65204585e-05
 7.77186904e-06
 4.62036911e-05
 1.65141668e-04
 1.71265721e-04
 1.59096327e-04
 1.78263273e-04
 1.62884678e-04
 1.83181052e-04
 1.65809473e-04
 1.94169550e-04
 1.97801881e-04
 1.83303624e-04
 1.28541548e-04
 1.60963641e-04
 4.98838951e-05
 2.13751212e-05
 9.36188847e-06
 -1.03585352e-06
 2.98256520e-07
 -8.05869358e-08
 2.38394536e-06
 3.58247063e-05
 5.26130161e-05
 1.07188041e-04
 1.68847872e-04
 1.61885719e-04
 1.65199051e-04
 2.11864828e-04
 2.08577733e-04
 1.94108763e-04
 2.19887796e-04
 1.45888668e-04
 1.33846053e-04
 6.54804179e-05
 5.68521842e-06
 4.23052984e-05
 1.48028920e-05
 3.69907259e-07
 1.34782815e-07
 -8.91876224e-07
 1.20303424e-05
 2.97792362e-05
 3.83159686e-05
 1.18754505e-04
 1.19100781e-04
 1.19011128e-04
 1.62825646e-04
 2.14091262e-04
 1.69098179e-04
 1.79110246e-04
 1.16555641e-04
 7.37331088e-05
 7.03149334e-05
 -2.43950179e-05
 6.03049173e-06
 2.72478678e-05
 1.70530459e-05
 7.48125947e-06
 -8.11082501e-10
 -8.69766137e-08
 9.94374040e-07
 7.96651772e-06
 2.06941839e-05
 3.52228552e-05
 7.76354492e-05
 9.82020809e-05
 1.08927220e-04
 8.71119134e-05
 4.07197863e-05
 6.75764431e-05
 6.55786328e-05
 7.85379828e-05
 3.12475692e-05
 1.22652243e-05
 1.77540049e-05
 7.96527027e-06
 1.12621940e-05
 4.54606622e-06
 -3.89585664e-10
 3.68135577e-07
 -3.16097571e-06
 -1.54433345e-05
 2.28778481e-05
 3.29846890e-05
 3.70477376e-06
 1.26095049e-05
 2.67680887e-05
 2.37469238e-05
 2.31766926e-05
 6.11465303e-06
 3.45661343e-05
 2.48067132e-05
 2.22376213e-05
 1.99001351e-05
 1.24662651e-05
 1.10253219e-06
 1.02604586e-06
 2.86433430e-08
 -1.06624555e-11
 -8.10851251e-09
 -5.36327532e-08
 1.44538985e-08
 2.31866711e-05
 2.44344033e-05
 7.05001605e-06
 1.50200970e-06
 -1.43244921e-07
 9.18077654e-06
 5.57508620e-06
 7.67106914e-06
 1.32620715e-05
 3.03186602e-06
 -4.43877095e-07
 -3.18680327e-07
 -4.01298770e-07
 -1.09627708e-07
 -1.64763652e-07
 -4.63339250e-08
 0.00000000e+00
 2.02310546e-10
 4.53896902e-09
 -3.45007967e-07
 5.10003628e-06
 -5.95668796e-07
 -2.87754302e-07
 -1.20205551e-07
 -7.61097968e-08
 -9.29318035e-07
 -5.56356041e-07
 -7.27726330e-07
 -1.31114787e-06
 -4.29240446e-07
 3.37326449e-08
 7.39530346e-08
 1.61238187e-08
 -2.74587050e-09
 5.73746040e-11
 0.00000000e+00
