 -6.22426060e+00
 0.00000000e+00
 0.00000000e+00
 -4.74594515e-07
 -5.46669018e-06
 1.27088797e-04
 9.24570091e-04
 4.42387149e-05
 -4.95593087e-04
 -8.68743488e-04
 -1.68517655e-03
 -3.42529417e-04
 3.52262032e-04
 5.97346748e-04
 6.45791820e-03
 5.69552745e-03
 1.37097344e-06
 1.76079712e-05
 3.93859870e-07
 -4.25397458e-07
 0.00000000e+00
 -1.23085509e-07
 -1.11135293e-05
 -8.09607011e-06
 1.49882227e-03
 2.03453156e-03
 -9.90857164e-03
 2.19799853e-03
 4.93326033e-03
 1.19596672e-03
 1.41068873e-02
 1.36771911e-02
 1.48742588e-02
 9.76032326e-03
 -4.96555804e-02
 -6.14322005e-02
 -9.23945915e-03
 7.27202120e-03
 6.20866987e-03
 -2.48278677e-04
 6.51893111e-06
 1.05464358e-06
 5.42256740e-05
 3.21349442e-05
 -6.43942772e-03
 -2.46830149e-02
 -6.25257105e-02
 -1.08347748e-01
 -1.80298316e-01
 -2.67117466e-01
 -2.93102202e-01
 -4.24514330e-01
 -5.40975651e-01
 -4.20845861e-01
 -7.12230664e-01
 -4.22084194e-01
 8.74075119e-02
 -5.30119725e-02
 -8.30944826e-02
 1.06294449e-02
 2.19839847e-03
 4.54237084e-06
 7.16245632e-04
 1.73727228e-03
 -9.18070045e-02
 -2.10067706e-01
 -3.01448134e-01
 -5.53706070e-01
 -4.84766493e-01
 -2.93685528e-01
 7.04159647e-02
 4.36482056e-01
 -1.21105300e-01
 -1.00713510e-01
 -4.26861692e-01
 -1.91752725e-01
 7.02322742e-01
 2.86900557e-01
 -2.41147132e-02
 -6.11887477e-02
 -1.92151936e-02
 -1.22670220e-05
 1.74952021e-03
 -2.02640761e-04
 -2.00155042e-01
 -4.36280923e-01
 -2.57501600e-01
 -4.05078901e-01
 -2.78992972e-01
 6.50064697e-01
 1.08528235e+00
 1.62490263e+00
 4.74378113e-01
 6.32102239e-01
 7.20889636e-01
 -3.49409240e-01
 7.59879809e-01
 1.07292817e+00
 9.63594755e-02
 -1.94867343e-01
 -5.73629043e-02
 -2.04164030e-04
 3.58033745e-03
 -3.22594618e-02
 -3.27106355e-01
 -6.52443732e-01
 -3.64657952e-01
 -1.10061970e+00
 -4.28834161e-01
 3.71594719e-01
 1.74870234e-01
 9.49774753e-01
 1.70980252e+00
 4.56647067e-01
 1.45602969e+00
 2.17812465e-01
 -5.19856880e-01
 -1.36518073e+00
 -6.39303350e-01
 -3.18597728e-01
 -4.25379517e-02
 3.08172829e-03
 -2.64723647e-02
 -3.37411166e-01
 -8.15969013e-01
 -9.44403583e-01
 -2.49708709e-01
 -1.14177663e+00
 1.45118095e-01
 -2.46151481e-01
 -9.27329145e-03
 8.69279475e-02
 8.52901728e-01
 2.93546303e-01
 3.09632653e-02
 8.20316110e-02
 -4.01550833e-03
 1.60154981e-01
 -1.01411087e+00
 -7.00861551e-01
 -2.59445406e-02
 4.25531254e-03
 -3.52589961e-02
 -9.26382271e-01
 -1.04931332e+00
 1.39697435e-01
 8.18166146e-01
 -4.10370198e-01
 8.48905120e-02
 3.47156705e-01
 7.33918459e-01
 1.13756503e+00
 -7.23568123e-02
 1.10130080e+00
 -1.22788492e-01
 2.07894377e+00
 8.31009369e-01
 1.89697272e+00
 -1.92989198e-01
 -1.42143932e+00
 -2.09866570e-01
 2.71777935e-03
 -4.05066777e-02
 -1.38317023e+00
 -3.71006335e-01
 -1.11650914e-01
 -2.50490156e-01
 -7.05391651e-01
 -8.46525458e-02
 3.92336366e-01
 -5.18070340e-01
 1.18877855e+00
 1.06750233e+00
 1.25049460e+00
 8.39964320e-01
 1.73375961e+00
 2.90061151e-01
 1.43927724e+00
 1.96576017e-01
 -1.01860639e+00
 -3.34431907e-01
 1.03202537e-03
 -1.33320008e-01
 -8.18174526e-01
 5.30891162e-01
 2.78947046e-01
 7.65498663e-01
 6.09002644e-01
 2.22807389e-01
 -7.11455377e-01
 -1.17917928e+00
 5.93958676e-01
 -2.16782368e+00
 -2.56651537e+00
 -1.81052723e+00
 3.20490186e-02
 -8.10732078e-01
 1.55513761e+00
 -1.70305227e-01
 -5.37586340e-01
 -2.86449580e-01
 -8.70909643e-03
 -1.57987276e-01
 5.93583148e-02
 5.45494661e-01
 -2.40813299e-01
 5.83857529e-01
 6.92730222e-01
 -9.93421444e-02
 -9.08691089e-01
 -2.19396837e+00
 -3.57827797e+00
 -4.13692834e+00
 -1.54629325e+00
 -1.21291093e+00
 -1.77224011e+00
 3.67727409e-01
 6.57308469e-01
 -4.65899253e-01
 -1.12794102e+00
 -1.19957609e-01
 -1.95095371e-02
 -4.28841299e-01
 -8.40594651e-01
 1.93562623e-01
 6.07896449e-01
 3.44950789e-01
 -3.24750335e-01
 -6.01055548e-01
 -8.83563372e-01
 -2.28463255e+00
 -2.22318985e+00
 -2.73822503e-01
 -6.70864397e-01
 -3.02437277e-01
 -9.08080460e-01
 8.29085109e-02
 -7.64053629e-01
 -6.65634896e-01
 -8.79128458e-01
 8.21793698e-03
 4.94470096e-02
 -7.37181658e-01
 -5.19166552e-01
 -3.32701521e-03
 -2.27543029e-01
 1.26806437e+00
 3.43974732e-02
 1.05790084e+00
 6.94825269e-01
 -3.06306335e-02
 2.24182327e-01
 -7.37534179e-01
 -1.42942606e-01
 -3.90410404e-01
 -7.66230058e-01
 -1.88803428e+00
 -4.34330108e-01
 -2.92625236e-01
 -3.45470371e-01
 -2.44748274e-02
 3.02588833e-02
 -3.48613381e-01
 -2.41904029e-01
 2.29756833e-01
 -3.00972625e-01
 9.51701147e-01
 1.01558085e+00
 1.44745880e+00
 8.65111121e-01
 -9.37833705e-01
 -7.93916881e-01
 -2.86193079e-01
 3.08620597e-01
 -8.48630398e-03
 -8.23937410e-01
 -1.38399263e+00
 2.26832148e-01
 -3.89158186e-01
 -3.05302381e-01
 6.48797660e-03
 1.57424597e-03
 -7.09194234e-02
 -4.28175022e-01
 -1.30134666e-01
 1.11214292e+00
 3.53692610e-01
 -1.27355757e+00
 2.63492900e-01
 1.05799484e+00
 -3.52522639e-01
 -2.37679460e-01
 5.18486243e-01
 -4.37521851e-01
 6.44699991e-02
 -1.24456721e+00
 -3.14637699e-01
 7.25162229e-02
 -1.06012971e+00
 -3.92099708e-01
 -1.48499307e-02
 2.45698920e-03
 -3.02332024e-02
 -7.18424675e-01
 -6.03202085e-01
 7.97462165e-01
 -6.16071540e-01
 -6.00966279e-02
 1.25549102e+00
 8.05684509e-01
 -4.16977565e-01
 2.11691886e-02
 -4.99965736e-01
 5.00747570e-01
 8.66704593e-01
 -5.23112853e-01
 3.23872740e-01
 -3.43638696e-01
 -6.82092952e-01
 -4.13980717e-01
 -1.81563434e-01
 5.19399565e-04
 -4.32710994e-03
 -1.50570047e-01
 -3.26458455e-02
 -1.10545521e-01
 -5.44354019e-01
 -5.57413798e-02
 1.01385558e+00
 7.58538814e-01
 6.50374995e-01
 1.47947604e+00
 6.15461011e-01
 -2.80309175e-02
 -1.37631923e+00
 -1.22504354e+00
 -9.23222848e-01
 -5.80965921e-01
 -1.36207956e-01
 -2.22762782e-01
 -1.07726515e-01
 -5.35364592e-05
 -7.96505590e-03
 6.62395570e-02
 3.65705109e-01
 -7.78734710e-01
 -9.51579976e-01
 -5.80550557e-02
 9.08809116e-02
 2.28773765e-02
 4.96026217e-01
 8.49594158e-01
 5.01915315e-01
 -6.18623302e-01
 -1.00332520e+00
 -1.06013287e+00
 -7.95444251e-01
 -3.90874823e-01
 2.21040749e-03
 -1.64044339e-02
 -6.84346411e-04
 -5.37715162e-07
 4.33181265e-04
 3.38837491e-03
 -2.68625545e-02
 -7.53958275e-01
 -8.06930200e-01
 -3.47156919e-01
 -1.25332989e-01
 -6.30833495e-02
 -1.42906510e-01
 -1.33847707e-01
 -2.98497526e-01
 -4.10544002e-01
 -1.07162740e-01
 2.42381843e-02
 3.45856370e-02
 1.56941577e-02
 1.00746517e-03
 3.04925449e-03
 1.08934835e-03
 0.00000000e+00
 -2.37683594e-05
 -1.68596151e-04
 1.38319062e-02
 -1.68393606e-01
 -1.95383614e-02
 -6.12511967e-02
 -1.80487038e-03
 9.63200741e-03
 1.29364985e-02
 8.22923342e-03
 2.29189020e-02
 3.54690859e-02
 1.19133951e-02
 2.84160718e-03
 4.90538304e-03
 8.83706534e-04
 -2.55527034e-04
 1.12031036e-05
 0.00000000e+00
