 1.00000000e+00 6.93147181e-01
 2.00000000e+00 6.81291251e-01
 3.00000000e+00 6.72195579e-01
 4.00000000e+00 6.64582242e-01
 5.00000000e+00 6.57880172e-01
 6.00000000e+00 6.51817244e-01
 7.00000000e+00 6.46249797e-01
 8.00000000e+00 6.41091867e-01
 9.00000000e+00 6.36285378e-01
 1.00000000e+01 6.31787190e-01
 1.10000000e+01 6.27563165e-01
 1.20000000e+01 6.23585239e-01
 1.30000000e+01 6.19829801e-01
 1.40000000e+01 6.16276710e-01
 1.50000000e+01 6.12908606e-01
 1.60000000e+01 6.09710417e-01
 1.70000000e+01 6.06668968e-01
 1.80000000e+01 6.03772671e-01
 1.90000000e+01 6.01011276e-01
 2.00000000e+01 5.98375667e-01
 2.10000000e+01 5.95857687e-01
 2.20000000e+01 5.93450006e-01
 2.30000000e+01 5.91145998e-01
 2.40000000e+01 5.88939648e-01
 2.50000000e+01 5.86825471e-01
 2.60000000e+01 5.84798442e-01
 2.70000000e+01 5.82853942e-01
 2.80000000e+01 5.80987708e-01
 2.90000000e+01 5.79195791e-01
 3.00000000e+01 5.77474525e-01
 3.10000000e+01 5.75820494e-01
 3.20000000e+01 5.74230509e-01
 3.30000000e+01 5.72701582e-01
 3.40000000e+01 5.71230913e-01
 3.50000000e+01 5.69815869e-01
 3.60000000e+01 5.68453970e-01
 3.70000000e+01 5.67142877e-01
 3.80000000e+01 5.65880382e-01
 3.90000000e+01 5.64664396e-01
 4.00000000e+01 5.63492940e-01
 4.10000000e+01 5.62364140e-01
 4.20000000e+01 5.61276216e-01
 4.30000000e+01 5.60227479e-01
 4.40000000e+01 5.59216321e-01
 4.50000000e+01 5.58241216e-01
 4.60000000e+01 5.57300708e-01
 4.70000000e+01 5.56393412e-01
 4.80000000e+01 5.55518008e-01
 4.90000000e+01 5.54673234e-01
 5.00000000e+01 5.53857891e-01
 5.10000000e+01 5.53070829e-01
 5.20000000e+01 5.52310954e-01
 5.30000000e+01 5.51577218e-01
 5.40000000e+01 5.50868621e-01
 5.50000000e+01 5.50184204e-01
 5.60000000e+01 5.49523053e-01
 5.70000000e+01 5.48884291e-01
 5.80000000e+01 5.48267078e-01
 5.90000000e+01 5.47670613e-01
 6.00000000e+01 5.47094124e-01
 6.10000000e+01 5.46536876e-01
 6.20000000e+01 5.45998160e-01
 6.30000000e+01 5.45477300e-01
 6.40000000e+01 5.44973645e-01
 6.50000000e+01 5.44486572e-01
 6.60000000e+01 5.44015484e-01
 6.70000000e+01 5.43559806e-01
 6.80000000e+01 5.43118986e-01
 6.90000000e+01 5.42692497e-01
 7.00000000e+01 5.42279829e-01
 7.10000000e+01 5.41880496e-01
 7.20000000e+01 5.41494026e-01
 7.30000000e+01 5.41119971e-01
 7.40000000e+01 5.40757896e-01
 7.50000000e+01 5.40407386e-01
 7.60000000e+01 5.40068039e-01
 7.70000000e+01 5.39739470e-01
 7.80000000e+01 5.39421310e-01
 7.90000000e+01 5.39113200e-01
 8.00000000e+01 5.38814798e-01
 8.10000000e+01 5.38525774e-01
 8.20000000e+01 5.38245810e-01
 8.30000000e+01 5.37974600e-01
 8.40000000e+01 5.37711848e-01
 8.50000000e+01 5.37457271e-01
 8.60000000e+01 5.37210596e-01
 8.70000000e+01 5.36971558e-01
 8.80000000e+01 5.36739905e-01
 8.90000000e+01 5.36515390e-01
 9.00000000e+01 5.36297779e-01
 9.10000000e+01 5.36086844e-01
 9.20000000e+01 5.35882365e-01
 9.30000000e+01 5.35684131e-01
 9.40000000e+01 5.35491939e-01
 9.50000000e+01 5.35305591e-01
 9.60000000e+01 5.35124897e-01
 9.70000000e+01 5.34949675e-01
 9.80000000e+01 5.34779748e-01
 9.90000000e+01 5.34614945e-01
 1.00000000e+02 5.34455102e-01
 1.01000000e+02 5.34300060e-01
 1.02000000e+02 5.34149665e-01
 1.03000000e+02 5.34003769e-01
 1.04000000e+02 5.33862229e-01
 1.05000000e+02 5.33724908e-01
 1.06000000e+02 5.33591671e-01
 1.07000000e+02 5.33462390e-01
 1.08000000e+02 5.33336940e-01
 1.09000000e+02 5.33215200e-01
 1.10000000e+02 5.33097056e-01
 1.11000000e+02 5.32982393e-01
 1.12000000e+02 5.32871104e-01
 1.13000000e+02 5.32763083e-01
 1.14000000e+02 5.32658230e-01
 1.15000000e+02 5.32556445e-01
 1.16000000e+02 5.32457634e-01
 1.17000000e+02 5.32361706e-01
 1.18000000e+02 5.32268571e-01
 1.19000000e+02 5.32178144e-01
 1.20000000e+02 5.32090341e-01
 1.21000000e+02 5.32005083e-01
 1.22000000e+02 5.31922291e-01
 1.23000000e+02 5.31841891e-01
 1.24000000e+02 5.31763810e-01
 1.25000000e+02 5.31687977e-01
 1.26000000e+02 5.31614324e-01
 1.27000000e+02 5.31542785e-01
 1.28000000e+02 5.31473297e-01
 1.29000000e+02 5.31405798e-01
 1.30000000e+02 5.31340227e-01
 1.31000000e+02 5.31276528e-01
 1.32000000e+02 5.31214643e-01
 1.33000000e+02 5.31154519e-01
 1.34000000e+02 5.31096103e-01
 1.35000000e+02 5.31039345e-01
 1.36000000e+02 5.30984194e-01
 1.37000000e+02 5.30930603e-01
 1.38000000e+02 5.30878527e-01
 1.39000000e+02 5.30827919e-01
 1.40000000e+02 5.30778737e-01
 1.41000000e+02 5.30730938e-01
 1.42000000e+02 5.30684483e-01
 1.43000000e+02 5.30639330e-01
 1.44000000e+02 5.30595443e-01
 1.45000000e+02 5.30552784e-01
 1.46000000e+02 5.30511316e-01
 1.47000000e+02 5.30471006e-01
 1.48000000e+02 5.30431820e-01
 1.49000000e+02 5.30393724e-01
 1.50000000e+02 5.30356687e-01
 1.51000000e+02 5.30320678e-01
 1.52000000e+02 5.30285668e-01
 1.53000000e+02 5.30251627e-01
 1.54000000e+02 5.30218528e-01
 1.55000000e+02 5.30186342e-01
 1.56000000e+02 5.30155045e-01
 1.57000000e+02 5.30124610e-01
 1.58000000e+02 5.30095013e-01
 1.59000000e+02 5.30066229e-01
 1.60000000e+02 5.30038236e-01
 1.61000000e+02 5.30011010e-01
 1.62000000e+02 5.29984529e-01
 1.63000000e+02 5.29958773e-01
 1.64000000e+02 5.29933721e-01
 1.65000000e+02 5.29909352e-01
 1.66000000e+02 5.29885648e-01
 1.67000000e+02 5.29862588e-01
 1.68000000e+02 5.29840156e-01
 1.69000000e+02 5.29818333e-01
 1.70000000e+02 5.29797102e-01
 1.71000000e+02 5.29776446e-01
 1.72000000e+02 5.29756350e-01
 1.73000000e+02 5.29736797e-01
 1.74000000e+02 5.29717771e-01
 1.75000000e+02 5.29699259e-01
 1.76000000e+02 5.29681246e-01
 1.77000000e+02 5.29663717e-01
 1.78000000e+02 5.29646660e-01
 1.79000000e+02 5.29630061e-01
 1.80000000e+02 5.29613907e-01
 1.81000000e+02 5.29598186e-01
 1.82000000e+02 5.29582885e-01
 1.83000000e+02 5.29567994e-01
 1.84000000e+02 5.29553500e-01
 1.85000000e+02 5.29539393e-01
 1.86000000e+02 5.29525661e-01
 1.87000000e+02 5.29512296e-01
 1.88000000e+02 5.29499285e-01
 1.89000000e+02 5.29486620e-01
 1.90000000e+02 5.29474291e-01
 1.91000000e+02 5.29462289e-01
 1.92000000e+02 5.29450605e-01
 1.93000000e+02 5.29439229e-01
 1.94000000e+02 5.29428154e-01
 1.95000000e+02 5.29417372e-01
 1.96000000e+02 5.29406873e-01
 1.97000000e+02 5.29396651e-01
 1.98000000e+02 5.29386698e-01
 1.99000000e+02 5.29377006e-01
 2.00000000e+02 5.29367569e-01
 2.01000000e+02 5.29358380e-01
 2.02000000e+02 5.29349431e-01
 2.03000000e+02 5.29340716e-01
 2.04000000e+02 5.29332229e-01
 2.05000000e+02 5.29323963e-01
 2.06000000e+02 5.29315913e-01
 2.07000000e+02 5.29308073e-01
 2.08000000e+02 5.29300437e-01
 2.09000000e+02 5.29293000e-01
 2.10000000e+02 5.29285756e-01
 2.11000000e+02 5.29278700e-01
 2.12000000e+02 5.29271826e-01
 2.13000000e+02 5.29265131e-01
 2.14000000e+02 5.29258609e-01
 2.15000000e+02 5.29252256e-01
 2.16000000e+02 5.29246066e-01
 2.17000000e+02 5.29240037e-01
 2.18000000e+02 5.29234162e-01
 2.19000000e+02 5.29228439e-01
 2.20000000e+02 5.29222863e-01
 2.21000000e+02 5.29217430e-01
 2.22000000e+02 5.29212137e-01
 2.23000000e+02 5.29206979e-01
 2.24000000e+02 5.29201954e-01
 2.25000000e+02 5.29197057e-01
 2.26000000e+02 5.29192285e-01
 2.27000000e+02 5.29187635e-01
 2.28000000e+02 5.29183103e-01
 2.29000000e+02 5.29178687e-01
 2.30000000e+02 5.29174384e-01
 2.31000000e+02 5.29170190e-01
 2.32000000e+02 5.29166102e-01
 2.33000000e+02 5.29162119e-01
 2.34000000e+02 5.29158236e-01
 2.35000000e+02 5.29154451e-01
 2.36000000e+02 5.29150763e-01
 2.37000000e+02 5.29147167e-01
 2.38000000e+02 5.29143663e-01
 2.39000000e+02 5.29140247e-01
 2.40000000e+02 5.29136917e-01
 2.41000000e+02 5.29133671e-01
 2.42000000e+02 5.29130506e-01
 2.43000000e+02 5.29127421e-01
 2.44000000e+02 5.29124413e-01
 2.45000000e+02 5.29121481e-01
 2.46000000e+02 5.29118623e-01
 2.47000000e+02 5.29115836e-01
 2.48000000e+02 5.29113118e-01
 2.49000000e+02 5.29110469e-01
 2.50000000e+02 5.29107885e-01
 2.51000000e+02 5.29105366e-01
 2.52000000e+02 5.29102910e-01
 2.53000000e+02 5.29100515e-01
 2.54000000e+02 5.29098180e-01
 2.55000000e+02 5.29095902e-01
 2.56000000e+02 5.29093681e-01
 2.57000000e+02 5.29091515e-01
 2.58000000e+02 5.29089403e-01
 2.59000000e+02 5.29087343e-01
 2.60000000e+02 5.29085333e-01
 2.61000000e+02 5.29083374e-01
 2.62000000e+02 5.29081463e-01
 2.63000000e+02 5.29079599e-01
 2.64000000e+02 5.29077780e-01
 2.65000000e+02 5.29076007e-01
 2.66000000e+02 5.29074277e-01
 2.67000000e+02 5.29072590e-01
 2.68000000e+02 5.29070943e-01
 2.69000000e+02 5.29069338e-01
 2.70000000e+02 5.29067771e-01
 2.71000000e+02 5.29066243e-01
 2.72000000e+02 5.29064752e-01
 2.73000000e+02 5.29063298e-01
 2.74000000e+02 5.29061879e-01
 2.75000000e+02 5.29060495e-01
 2.76000000e+02 5.29059144e-01
 2.77000000e+02 5.29057826e-01
 2.78000000e+02 5.29056540e-01
 2.79000000e+02 5.29055286e-01
 2.80000000e+02 5.29054061e-01
 2.81000000e+02 5.29052867e-01
 2.82000000e+02 5.29051701e-01
 2.83000000e+02 5.29050564e-01
 2.84000000e+02 5.29049454e-01
 2.85000000e+02 5.29048371e-01
 2.86000000e+02 5.29047313e-01
 2.87000000e+02 5.29046282e-01
 2.88000000e+02 5.29045275e-01
 2.89000000e+02 5.29044292e-01
 2.90000000e+02 5.29043333e-01
 2.91000000e+02 5.29042397e-01
 2.92000000e+02 5.29041484e-01
 2.93000000e+02 5.29040592e-01
 2.94000000e+02 5.29039721e-01
 2.95000000e+02 5.29038872e-01
 2.96000000e+02 5.29038043e-01
 2.97000000e+02 5.29037233e-01
 2.98000000e+02 5.29036443e-01
 2.99000000e+02 5.29035671e-01
 3.00000000e+02 5.29034918e-01
 3.01000000e+02 5.29034183e-01
 3.02000000e+02 5.29033465e-01
 3.03000000e+02 5.29032765e-01
 3.04000000e+02 5.29032081e-01
 3.05000000e+02 5.29031413e-01
 3.06000000e+02 5.29030760e-01
 3.07000000e+02 5.29030124e-01
 3.08000000e+02 5.29029502e-01
 3.09000000e+02 5.29028895e-01
 3.10000000e+02 5.29028302e-01
 3.11000000e+02 5.29027724e-01
 3.12000000e+02 5.29027158e-01
 3.13000000e+02 5.29026607e-01
 3.14000000e+02 5.29026068e-01
 3.15000000e+02 5.29025541e-01
 3.16000000e+02 5.29025028e-01
 3.17000000e+02 5.29024526e-01
 3.18000000e+02 5.29024035e-01
 3.19000000e+02 5.29023557e-01
 3.20000000e+02 5.29023089e-01
 3.21000000e+02 5.29022633e-01
 3.22000000e+02 5.29022187e-01
 3.23000000e+02 5.29021751e-01
 3.24000000e+02 5.29021325e-01
 3.25000000e+02 5.29020910e-01
 3.26000000e+02 5.29020504e-01
 3.27000000e+02 5.29020107e-01
 3.28000000e+02 5.29019720e-01
 3.29000000e+02 5.29019342e-01
 3.30000000e+02 5.29018972e-01
 3.31000000e+02 5.29018611e-01
 3.32000000e+02 5.29018258e-01
 3.33000000e+02 5.29017914e-01
 3.34000000e+02 5.29017577e-01
 3.35000000e+02 5.29017248e-01
 3.36000000e+02 5.29016927e-01
 3.37000000e+02 5.29016613e-01
 3.38000000e+02 5.29016306e-01
 3.39000000e+02 5.29016006e-01
 3.40000000e+02 5.29015713e-01
 3.41000000e+02 5.29015427e-01
 3.42000000e+02 5.29015147e-01
 3.43000000e+02 5.29014874e-01
 3.44000000e+02 5.29014607e-01
 3.45000000e+02 5.29014346e-01
 3.46000000e+02 5.29014091e-01
 3.47000000e+02 5.29013842e-01
 3.48000000e+02 5.29013599e-01
 3.49000000e+02 5.29013361e-01
 3.50000000e+02 5.29013128e-01
 3.51000000e+02 5.29012901e-01
 3.52000000e+02 5.29012679e-01
 3.53000000e+02 5.29012462e-01
 3.54000000e+02 5.29012250e-01
 3.55000000e+02 5.29012043e-01
 3.56000000e+02 5.29011840e-01
 3.57000000e+02 5.29011642e-01
 3.58000000e+02 5.29011448e-01
 3.59000000e+02 5.29011259e-01
 3.60000000e+02 5.29011074e-01
 3.61000000e+02 5.29010893e-01
 3.62000000e+02 5.29010716e-01
 3.63000000e+02 5.29010543e-01
 3.64000000e+02 5.29010375e-01
 3.65000000e+02 5.29010209e-01
 3.66000000e+02 5.29010048e-01
 3.67000000e+02 5.29009890e-01
 3.68000000e+02 5.29009736e-01
 3.69000000e+02 5.29009585e-01
 3.70000000e+02 5.29009437e-01
 3.71000000e+02 5.29009293e-01
 3.72000000e+02 5.29009152e-01
 3.73000000e+02 5.29009014e-01
 3.74000000e+02 5.29008880e-01
 3.75000000e+02 5.29008748e-01
 3.76000000e+02 5.29008619e-01
 3.77000000e+02 5.29008493e-01
 3.78000000e+02 5.29008370e-01
 3.79000000e+02 5.29008249e-01
 3.80000000e+02 5.29008131e-01
 3.81000000e+02 5.29008016e-01
 3.82000000e+02 5.29007903e-01
 3.83000000e+02 5.29007793e-01
 3.84000000e+02 5.29007686e-01
 3.85000000e+02 5.29007580e-01
 3.86000000e+02 5.29007477e-01
 3.87000000e+02 5.29007376e-01
 3.88000000e+02 5.29007278e-01
 3.89000000e+02 5.29007181e-01
 3.90000000e+02 5.29007087e-01
 3.91000000e+02 5.29006995e-01
 3.92000000e+02 5.29006905e-01
 3.93000000e+02 5.29006816e-01
 3.94000000e+02 5.29006730e-01
 3.95000000e+02 5.29006646e-01
 3.96000000e+02 5.29006563e-01
 3.97000000e+02 5.29006482e-01
 3.98000000e+02 5.29006403e-01
 3.99000000e+02 5.29006326e-01
 4.00000000e+02 5.29006250e-01
 4.01000000e+02 5.29006176e-01
 4.02000000e+02 5.29006104e-01
 4.03000000e+02 5.29006033e-01
 4.04000000e+02 5.29005964e-01
 4.05000000e+02 5.29005896e-01
 4.06000000e+02 5.29005830e-01
 4.07000000e+02 5.29005765e-01
 4.08000000e+02 5.29005702e-01
 4.09000000e+02 5.29005640e-01
 4.10000000e+02 5.29005579e-01
 4.11000000e+02 5.29005519e-01
 4.12000000e+02 5.29005461e-01
 4.13000000e+02 5.29005404e-01
 4.14000000e+02 5.29005349e-01
 4.15000000e+02 5.29005294e-01
 4.16000000e+02 5.29005241e-01
 4.17000000e+02 5.29005189e-01
 4.18000000e+02 5.29005138e-01
 4.19000000e+02 5.29005088e-01
 4.20000000e+02 5.29005039e-01
 4.21000000e+02 5.29004991e-01
 4.22000000e+02 5.29004944e-01
 4.23000000e+02 5.29004898e-01
 4.24000000e+02 5.29004854e-01
 4.25000000e+02 5.29004810e-01
 4.26000000e+02 5.29004767e-01
 4.27000000e+02 5.29004725e-01
 4.28000000e+02 5.29004684e-01
 4.29000000e+02 5.29004643e-01
 4.30000000e+02 5.29004604e-01
 4.31000000e+02 5.29004565e-01
 4.32000000e+02 5.29004528e-01
 4.33000000e+02 5.29004491e-01
 4.34000000e+02 5.29004454e-01
 4.35000000e+02 5.29004419e-01
 4.36000000e+02 5.29004384e-01
 4.37000000e+02 5.29004351e-01
 4.38000000e+02 5.29004317e-01
 4.39000000e+02 5.29004285e-01
 4.40000000e+02 5.29004253e-01
 4.41000000e+02 5.29004222e-01
 4.42000000e+02 5.29004191e-01
 4.43000000e+02 5.29004162e-01
 4.44000000e+02 5.29004132e-01
 4.45000000e+02 5.29004104e-01
 4.46000000e+02 5.29004076e-01
 4.47000000e+02 5.29004048e-01
 4.48000000e+02 5.29004021e-01
 4.49000000e+02 5.29003995e-01
 4.50000000e+02 5.29003969e-01
 4.51000000e+02 5.29003944e-01
 4.52000000e+02 5.29003920e-01
 4.53000000e+02 5.29003895e-01
 4.54000000e+02 5.29003872e-01
 4.55000000e+02 5.29003849e-01
 4.56000000e+02 5.29003826e-01
 4.57000000e+02 5.29003804e-01
 4.58000000e+02 5.29003782e-01
 4.59000000e+02 5.29003761e-01
 4.60000000e+02 5.29003740e-01
 4.61000000e+02 5.29003720e-01
 4.62000000e+02 5.29003700e-01
 4.63000000e+02 5.29003680e-01
 4.64000000e+02 5.29003661e-01
 4.65000000e+02 5.29003642e-01
 4.66000000e+02 5.29003624e-01
 4.67000000e+02 5.29003606e-01
 4.68000000e+02 5.29003588e-01
 4.69000000e+02 5.29003571e-01
 4.70000000e+02 5.29003554e-01
 4.71000000e+02 5.29003537e-01
 4.72000000e+02 5.29003521e-01
 4.73000000e+02 5.29003505e-01
 4.74000000e+02 5.29003490e-01
 4.75000000e+02 5.29003475e-01
 4.76000000e+02 5.29003460e-01
 4.77000000e+02 5.29003445e-01
 4.78000000e+02 5.29003431e-01
 4.79000000e+02 5.29003417e-01
 4.80000000e+02 5.29003403e-01
 4.81000000e+02 5.29003390e-01
 4.82000000e+02 5.29003376e-01
 4.83000000e+02 5.29003364e-01
 4.84000000e+02 5.29003351e-01
 4.85000000e+02 5.29003339e-01
 4.86000000e+02 5.29003326e-01
 4.87000000e+02 5.29003315e-01
 4.88000000e+02 5.29003303e-01
 4.89000000e+02 5.29003292e-01
 4.90000000e+02 5.29003280e-01
 4.91000000e+02 5.29003269e-01
 4.92000000e+02 5.29003259e-01
 4.93000000e+02 5.29003248e-01
 4.94000000e+02 5.29003238e-01
 4.95000000e+02 5.29003228e-01
 4.96000000e+02 5.29003218e-01
 4.97000000e+02 5.29003208e-01
 4.98000000e+02 5.29003199e-01
 4.99000000e+02 5.29003190e-01
 5.00000000e+02 5.29003180e-01
