 8.14552086e+00
 6.42986576e+00
 6.12895377e+00
 7.51079662e+00
 6.66951569e+00
 7.13649909e+00
 8.20077234e+00
 8.33081824e+00
 8.67276506e+00
 8.05982817e+00
 8.23289862e+00
 9.41751646e+00
 7.30017141e+00
 8.57331011e+00
 7.81026081e+00
 6.62892815e+00
 6.24382109e+00
 5.12491735e+00
 8.46603060e+00
 7.11089709e+00
 5.48216513e+00
 8.72967895e+00
 8.58540647e+00
 7.25071168e+00
 7.39306017e+00
 7.21939405e+00
 6.02037596e+00
 8.16929609e+00
 5.09154870e+00
 7.75964556e+00
 7.35441910e+00
 7.59066979e+00
 6.95544048e+00
 4.74646446e+00
 3.72465746e+00
 3.99733485e+00
 4.03738479e+00
 5.65497378e+00
 6.75112986e+00
 5.68279165e+00
 5.96761980e+00
 8.04310782e+00
 5.74426297e+00
 6.91175178e+00
 8.56782617e+00
 6.97728323e+00
 7.44938909e+00
 8.57234883e+00
 6.74400400e+00
 9.25005777e+00
 7.04167826e+00
 7.87356114e+00
 6.13148708e+00
 6.50541988e+00
 7.91841759e+00
 8.84153551e+00
 8.09277501e+00
 7.75942405e+00
 8.42120279e+00
 8.26274026e+00
 8.02238321e+00
 6.19523718e+00
 5.92231778e+00
 9.49876952e+00
 7.49838609e+00
 7.05445040e+00
 5.99984606e+00
 7.04456454e+00
 7.98061996e+00
 7.91354394e+00
 7.63579274e+00
 6.42078858e+00
 6.91652634e+00
 5.14344017e+00
 5.24744477e+00
 6.96370826e+00
 6.55474859e+00
 4.63144087e+00
 8.37383261e+00
 5.42600660e+00
 7.48336521e+00
 7.58740048e+00
 8.60465865e+00
 5.44869361e+00
 6.23060227e+00
 8.27878957e+00
 8.19549154e+00
 7.19661239e+00
 8.77611512e+00
 6.27967130e+00
 7.55740649e+00
 7.41539671e+00
 7.83862308e+00
 5.98949012e+00
 7.80179662e+00
 8.16201593e+00
 7.87428980e+00
 9.26331035e+00
 7.67590540e+00
 9.04064565e+00
 6.77231877e+00
 6.10420825e+00
 3.55416806e+00
 2.31372258e+00
 4.94088046e+00
 5.75260500e+00
 7.17448434e+00
 6.40575690e+00
 6.95183282e+00
 4.60219926e+00
 7.32398859e+00
 4.35551048e+00
 7.45398964e+00
 9.21165815e+00
 7.09622581e+00
 8.20976781e+00
 7.53974316e+00
 6.11954256e+00
 7.31712376e+00
 4.26695865e+00
 6.70510885e+00
 4.93360666e+00
 6.60929949e+00
 8.74095372e+00
 7.15820374e+00
 7.99742636e+00
 9.31552906e+00
 7.17320935e+00
 7.96526419e+00
 4.68778064e+00
 7.91724354e+00
 8.53516654e+00
 7.90120302e+00
 8.90367796e+00
 8.36138925e+00
 8.55541588e+00
 8.34696933e+00
 4.51344664e+00
 5.58909480e+00
 6.08797226e+00
 7.17537364e+00
 6.11591841e+00
 7.73235134e+00
 7.98926739e+00
 4.77329697e+00
 4.94483497e+00
 7.13943083e+00
 6.36983020e+00
 6.24663626e+00
 8.13329319e+00
 8.07888520e+00
 7.49419166e+00
 7.99973630e+00
 7.99871876e+00
 6.10908804e+00
 8.39112868e+00
 7.79060052e+00
 5.20331643e+00
 6.50083502e+00
 7.14706332e+00
 6.94755674e+00
 7.43759720e+00
 7.27212550e+00
 7.43019245e+00
 8.48219398e+00
 8.39630375e+00
 5.96694883e+00
 8.69815161e+00
 9.29829217e+00
 8.72451098e+00
 8.09956023e+00
 8.78578826e+00
 8.89375075e+00
 8.86697676e+00
 8.03142822e+00
 8.33587526e+00
 7.92679704e+00
 9.17533060e+00
 8.37628187e+00
 8.63134435e+00
 8.31392643e+00
 8.17851846e+00
 8.46511112e+00
 7.06612035e+00
 8.61699094e+00
 8.14149410e+00
 8.75310555e+00
 7.76723439e+00
 8.44626836e+00
 8.80594700e+00
 8.92376163e+00
 8.45299749e+00
 8.22932553e+00
 8.54295817e+00
 8.10411071e+00
 8.29937435e+00
 8.74868429e+00
 8.55174410e+00
 8.73221388e+00
 8.13007249e+00
 7.34869887e+00
 7.80752066e+00
 8.25075589e+00
 7.90478903e+00
 8.50901259e+00
 7.00274145e+00
 7.98559333e+00
 8.22459681e+00
 8.27372852e+00
 8.08166786e+00
 8.34687246e+00
 7.15177160e+00
 8.31479965e+00
 7.02782893e+00
 7.63542463e+00
 8.32124735e+00
 6.63618729e+00
 7.13569982e+00
 6.51816994e+00
 6.57188714e+00
 7.80726861e+00
 7.58811379e+00
 8.83898399e+00
 7.80941758e+00
 5.79655155e+00
 6.50016323e+00
 6.40204424e+00
 7.74640546e+00
 6.02553442e+00
 6.76330879e+00
 5.50292456e+00
 6.52185495e+00
 6.40851766e+00
 7.92024884e+00
 5.97734257e+00
 7.46252054e+00
 7.68223302e+00
 8.37467324e+00
 7.23681431e+00
 5.62864605e+00
 7.28317628e+00
 8.75685117e+00
 4.26571498e+00
 6.47177956e+00
 6.37348637e+00
 8.38543360e+00
 2.89401229e+00
 7.98604721e+00
 6.75566431e+00
 7.09353711e+00
 8.86915387e+00
 5.74552777e+00
 7.43540128e+00
 4.57846307e+00
 6.81515676e+00
 7.04013844e+00
 7.67240216e+00
 8.22142749e+00
 5.35073203e+00
 5.24042573e+00
 5.13673348e+00
 7.98934969e+00
 4.09981234e+00
 5.62838121e+00
 7.90470641e+00
 5.33725633e+00
 6.38299653e+00
 8.25656144e+00
 8.78626653e+00
 7.49654192e+00
 6.67925370e+00
 9.36943480e+00
 7.61500607e+00
 7.08371405e+00
 8.54947712e+00
 7.99897041e+00
 7.33149695e+00
 6.29981387e+00
 6.63561485e+00
 6.16884118e+00
 6.48036178e+00
 7.42618641e+00
 7.86200190e+00
 6.71204959e+00
 9.01799132e+00
 8.15270911e+00
 7.57362955e+00
 7.28276036e+00
 6.53004002e+00
 6.44394425e+00
 6.82936536e+00
 7.83300749e+00
 8.18079290e+00
 6.22977545e+00
 7.01678437e+00
 5.85040706e+00
 8.12610914e+00
 7.78297439e+00
 6.18080701e+00
 7.23171016e+00
 7.14749177e+00
 9.08735046e+00
 7.92999941e+00
 7.46943414e+00
 7.68796672e+00
 8.60141593e+00
 7.49996166e+00
 6.43205034e+00
 5.69796202e+00
 7.55551064e+00
 7.88405834e+00
 6.66405693e+00
 8.84080823e+00
 1.68139338e+00
 8.85849888e+00
 8.98633877e+00
 8.26534664e+00
 9.60855973e+00
 7.10393262e+00
 7.81544939e+00
 6.98553208e+00
 6.03774632e+00
 5.45020354e+00
 6.65590943e+00
 5.32329335e+00
 6.65395538e+00
 7.27679986e+00
 6.98057737e+00
 6.72509943e+00
 6.37405279e+00
 7.40298638e+00
 6.99225201e+00
 7.38502777e+00
 7.15786133e+00
 5.47647424e+00
 5.52327144e+00
 6.40438292e+00
 5.47236975e+00
 6.62598193e+00
 7.89612811e+00
 5.84253582e+00
 5.67926260e+00
 6.45843769e+00
 7.99635063e+00
 7.30824476e+00
 7.97164415e+00
 7.44950498e+00
 6.49194719e+00
 5.85513786e+00
 6.55214943e+00
 5.49780160e+00
 4.39712586e+00
 4.62124939e+00
 7.13344802e+00
 5.93466775e+00
 6.75475802e+00
 9.28882018e+00
 5.34219830e+00
 6.90468236e+00
 6.00127325e+00
 6.88026414e+00
 5.73022943e+00
 5.19104134e+00
 5.16601063e+00
 6.25465898e+00
 6.51221925e+00
 7.18734665e+00
 3.44297376e+00
 5.09282243e+00
 5.45954841e+00
 6.44255426e+00
 7.12582289e+00
 5.25053336e+00
 4.03112340e+00
 3.82870798e+00
 5.34941215e+00
 3.66073492e+00
 7.53962982e+00
 6.01845125e+00
 6.62356254e+00
 7.49553073e+00
 7.54408393e+00
 3.95331255e+00
 5.41490510e+00
 7.06276037e+00
 5.69645381e+00
 6.94265687e+00
 4.45869947e+00
 6.57879003e+00
 5.84049717e+00
 5.28567127e+00
 6.91842255e+00
 6.88762447e+00
 6.06217377e+00
 4.79150385e+00
 5.79119393e+00
 4.52908476e+00
 3.81837920e+00
 6.54516885e+00
 4.56995863e+00
 5.53772402e+00
 6.95091469e+00
 7.17755819e+00
 7.39313101e+00
 6.70951681e+00
 4.93845190e+00
 4.77431424e+00
 9.47042828e+00
 6.05944861e+00
 6.61248052e+00
 5.89456709e+00
 4.90888158e+00
 5.22411494e+00
 7.33972640e+00
 5.37266936e+00
 7.02762776e+00
 6.24029066e+00
 7.24907169e+00
 7.67726535e+00
 7.49947621e+00
 7.50769988e+00
 5.49686362e+00
 7.99456822e+00
 2.64847084e+00
 7.85545056e+00
 5.66861773e+00
 9.08797449e+00
 8.14196713e+00
 8.15224068e+00
 8.12022507e+00
 7.31357588e+00
 7.86483475e+00
 7.83951088e+00
 7.77383611e+00
 8.36170378e+00
 7.43401083e+00
 1.63427679e+00
 2.01623562e+00
 1.63426225e+00
 3.09530296e+00
 5.40410619e+00
 2.02507029e+00
 7.91668942e+00
 5.74327950e+00
 7.08709219e+00
 4.54126029e+00
 7.17722821e+00
 7.01142364e+00
 5.94204007e+00
 4.51740887e+00
 6.89202643e+00
 5.23536372e+00
 3.62004737e+00
 5.27018687e+00
 6.57474204e+00
 4.50193562e+00
 3.35912685e+00
 6.51103346e+00
 7.53174219e+00
 6.13809874e+00
 7.43912069e+00
 8.04394852e+00
 8.03197915e+00
 7.05573301e+00
 7.02577523e+00
 7.33974210e+00
 7.79977631e+00
 6.43451656e+00
 7.65818079e+00
 7.46271269e+00
 7.51096677e+00
 5.96632504e+00
 6.67324407e+00
 8.97331505e+00
 8.41247400e+00
 6.08836054e+00
 6.76527204e+00
 8.58275554e+00
 8.82070470e+00
 9.00026299e+00
 8.12790725e+00
 8.19941921e+00
 9.40667573e+00
 8.71142395e+00
 7.80570076e+00
 7.74452000e+00
 8.45174873e+00
 8.31588773e+00
 8.32686655e+00
 8.22223796e+00
 7.64618130e+00
 7.87680659e+00
 8.50142872e+00
 8.10204290e+00
 7.34388472e+00
 8.58040459e+00
 7.72209877e+00
 8.68305291e+00
 8.04237924e+00
 7.56305772e+00
 7.03848780e+00
 7.28356751e+00
 7.36520511e+00
 7.82505975e+00
 8.19306710e+00
 7.93057726e+00
 8.08663548e+00
 7.78857678e+00
 8.02255813e+00
 8.14847231e+00
 8.92515338e+00
 8.17265027e+00
 8.94678195e+00
 8.21197078e+00
 9.26328034e+00
 8.19949858e+00
 7.78894966e+00
 7.82957067e+00
 8.38926169e+00
 8.59569270e+00
 8.17298295e+00
 7.65384784e+00
 8.45635355e+00
 8.13215454e+00
 8.26298421e+00
 7.93540674e+00
 8.58654371e+00
 8.54370550e+00
 8.35227288e+00
 8.30573848e+00
 8.33876380e+00
 6.78370750e+00
 7.03528765e+00
 6.47674350e+00
 6.44687948e+00
 6.27829155e+00
 7.34225102e+00
 7.05922979e+00
 5.03429023e+00
 4.87039562e+00
 5.65522474e+00
 4.76878736e+00
 7.24084231e+00
 6.71263197e+00
 3.40751635e+00
 5.99827695e+00
 6.96505965e+00
 4.08836644e+00
 7.41050431e+00
 6.44079190e+00
 4.91085686e+00
 5.45330450e+00
 6.48613220e+00
 5.58015427e+00
 3.47997518e+00
 4.78941225e+00
 6.24736201e+00
 7.52141189e+00
 6.48607059e+00
 4.79964879e+00
 6.21598552e+00
 6.35283908e+00
 4.75864870e+00
 4.01293163e+00
 5.01896583e+00
 7.14959991e+00
 5.58571633e+00
 7.35243176e+00
 5.55711825e+00
 6.13756081e+00
 4.58147462e+00
 5.46663202e+00
 5.83919876e+00
 4.13996850e+00
 4.83589431e+00
 5.92550889e+00
 4.40450349e+00
 6.26748391e+00
 5.03063053e+00
 6.81388657e+00
 6.72224770e+00
 7.52088235e+00
 6.16798115e+00
 7.35450722e+00
 4.67939690e+00
 5.06304950e+00
 6.79838262e+00
 7.76387402e+00
 8.14812876e+00
 3.80801283e+00
 7.61386395e+00
 5.91919634e+00
 6.16101135e+00
 3.93614326e+00
 6.02987635e+00
 6.99453198e+00
 6.07424755e+00
 3.67303828e+00
 1.28804631e+00
 4.30996132e+00
 7.64536007e+00
 7.46251976e+00
 9.26497936e+00
 8.24262832e+00
 6.59628908e+00
 8.17027623e+00
 8.03629950e+00
 7.72263613e+00
 7.21171693e+00
 7.35659729e+00
 8.23947535e+00
 7.87737948e+00
 8.03004700e+00
 7.64987859e+00
 8.22414334e+00
 7.03919767e+00
 7.21431300e+00
 6.79978810e+00
 6.38712737e+00
 6.16968645e+00
 5.38567637e+00
 6.61443633e+00
 5.27066318e+00
 6.01485079e+00
 6.94355244e+00
 5.39291017e+00
 6.44287336e+00
 7.43683951e+00
 6.94208568e+00
 6.51917984e+00
 7.59829965e+00
 8.09137125e+00
 8.21101620e+00
 7.13064139e+00
 5.55262362e+00
 6.61885874e+00
 6.07142380e+00
 7.63604176e+00
 7.32263515e+00
 6.33578587e+00
 8.31505630e+00
 7.31464154e+00
 4.96435303e+00
 7.66713729e+00
 7.68141376e+00
 7.85836867e+00
 8.38131883e+00
 8.30153983e+00
 7.07751934e+00
 7.41506200e+00
 8.60370581e+00
 8.10946650e+00
 7.89511067e+00
 8.65644649e+00
 8.23580675e+00
 8.03314735e+00
 9.00508105e+00
 7.04078920e+00
 8.50485299e+00
 7.80153406e+00
 8.45163267e+00
 6.86188855e+00
 8.06246732e+00
 7.22161226e+00
 5.67788832e+00
 4.08829974e+00
 4.20575864e+00
 3.67172538e+00
 3.04017763e+00
 5.99308314e+00
 7.29980702e+00
 5.48326580e+00
 7.23965533e+00
 5.87144224e+00
 6.99988295e+00
 7.01582474e+00
 3.86413893e+00
 5.28090902e+00
 6.16753638e+00
 5.05980030e+00
 4.76142261e+00
 5.86110091e+00
 5.09876432e+00
 7.75283617e+00
 6.71190504e+00
 7.40180930e+00
 4.04113249e+00
 3.68204684e+00
 6.32676089e+00
 7.43817899e+00
 6.86822500e+00
 7.19659383e+00
 7.41044757e+00
 8.27590418e+00
 5.60897719e+00
 6.48979341e+00
 7.14419487e+00
 5.63155204e+00
 7.43722921e+00
 4.91986811e+00
 7.31517778e+00
 6.41589390e+00
 6.88868310e+00
 5.99033761e+00
 8.18674445e+00
 4.67716529e+00
 8.09193786e+00
 7.18315761e+00
 8.36566856e+00
 7.37422192e+00
 5.27043765e+00
 6.29918976e+00
 7.64923937e+00
 6.21243578e+00
 6.74245274e+00
 6.23675247e+00
 5.54776034e+00
 7.41299920e+00
 4.77201366e+00
 5.49286312e+00
 6.88747601e+00
 5.93826135e+00
 6.26051335e+00
 7.24368567e+00
 5.08225031e+00
 4.71116358e+00
 7.20896713e+00
 5.64787430e+00
 6.95968488e+00
 7.22609976e+00
 6.04188620e+00
 7.48380265e+00
 6.23727752e+00
 4.72737074e+00
 8.07877376e+00
 7.99097980e+00
 6.14985061e+00
 5.67482512e+00
 6.60352513e+00
 7.23451441e+00
 7.10946603e+00
 7.29490498e+00
 3.89632821e+00
 7.39201930e+00
 7.31810139e+00
 7.61586447e+00
 7.18014218e+00
 6.14921385e+00
 6.37098941e+00
 8.45233121e+00
 7.00751936e+00
 6.87158833e+00
 7.43156683e+00
 6.95200331e+00
 6.43636409e+00
 5.60239581e+00
 4.49685983e+00
 3.27476662e+00
 3.75018847e+00
 5.08947064e+00
 6.02331148e+00
 7.06202943e+00
 6.83151103e+00
 5.61230089e+00
 5.61934288e+00
 5.66463558e+00
 4.22660582e+00
 5.72868768e+00
 4.35677635e+00
 6.97197172e+00
 5.06324165e+00
 6.34977487e+00
 5.74109718e+00
 5.96592082e+00
 5.07747484e+00
 5.70626597e+00
 2.04551216e+00
 7.37673443e+00
 4.78316245e+00
 5.97911236e+00
 6.69920422e+00
 4.73130782e+00
 5.01842754e+00
 1.23952546e+00
 6.13052640e+00
 5.24329895e+00
 6.00077470e+00
 2.50405796e+00
 7.27543749e+00
 5.74398628e+00
 4.31535934e+00
 7.70430246e+00
 6.42882226e+00
 7.09120652e+00
 4.11176808e+00
 5.86412875e+00
 5.91677440e+00
 4.24018355e+00
 5.31681931e+00
 5.64538564e+00
 5.13722027e+00
 5.07460344e+00
 4.57120822e+00
 4.97450307e+00
 7.21834016e+00
 7.09975766e+00
 5.13148227e+00
 5.49733076e+00
 5.77025323e+00
 5.71996886e+00
 7.30187468e+00
 5.66564606e+00
 8.22259946e+00
 5.80440174e+00
 6.40390678e+00
 4.69108071e+00
 4.23437600e+00
 5.52723036e+00
 5.12221640e+00
 5.25890089e+00
 5.61650295e+00
 4.77055854e+00
 5.86729175e+00
 5.43263675e+00
 6.19376733e+00
 4.85775265e+00
 5.36164939e+00
 4.91815137e+00
 5.23707665e+00
 1.16088020e+00
 4.94422133e+00
 4.48953938e+00
 6.24207179e+00
 4.33420113e+00
 7.24306113e+00
 7.38649290e+00
 7.73150945e+00
 4.51191827e+00
 3.70821459e+00
 5.58759844e+00
 5.21692838e+00
 5.92724826e+00
 5.91352670e+00
 6.84217851e+00
 7.25676109e+00
 6.12137819e+00
 7.91687919e+00
 6.28158542e+00
 5.39159199e+00
 6.52931299e+00
 5.70780687e+00
 1.16088049e+00
 7.47308087e+00
 6.65348465e+00
 7.74358692e+00
 7.73388032e+00
 3.48264115e+00
 1.42824558e+00
 5.27294046e+00
 4.37529685e+00
 3.47176135e+00
 3.59593671e+00
 7.39397818e+00
 6.38331793e+00
 6.49470550e+00
 6.47833437e+00
 6.46324718e+00
 6.27160883e+00
 5.64583866e+00
 5.12961857e+00
 4.60044668e+00
 6.64558130e+00
 5.94331099e+00
 6.66015735e+00
 5.93130973e+00
 5.43191803e+00
 5.13527867e+00
 4.93047165e+00
 6.67379438e+00
 6.78846129e+00
 5.84447786e+00
 7.13002514e+00
 6.44027442e+00
 6.18210991e+00
 4.38391348e+00
 6.58752826e+00
 7.89360317e+00
 6.61570657e+00
 6.56482407e+00
 3.76116060e+00
 4.76773574e+00
 5.38813724e+00
 4.46981571e+00
 3.63468572e+00
 6.56168992e+00
 7.95798888e+00
 2.08459725e+00
 6.73494247e+00
 6.56631825e+00
 7.69402226e+00
 3.33773049e+00
 8.08258843e+00
 6.34814366e+00
 6.92902810e+00
 6.39150429e+00
 6.71555164e+00
 2.80500882e+00
 5.12493858e+00
 7.32598632e+00
 3.13461128e+00
 4.04400991e+00
 5.58165071e+00
 3.26908585e+00
 5.07320494e+00
 7.37887391e+00
 5.86958419e+00
 5.85361948e+00
 5.30334389e+00
 8.06693704e+00
 3.96863415e+00
 8.10010915e+00
 7.72777707e+00
 8.62748324e+00
 7.01504818e+00
 6.54958245e+00
 5.10145787e+00
 5.58553640e+00
 6.10636540e+00
 5.44830687e+00
 5.10455752e+00
 4.29979195e+00
 5.10951535e+00
 4.95268902e+00
 5.56699111e+00
 5.83798471e+00
 8.06972848e+00
 6.84665662e+00
 5.69519019e+00
 7.29187702e+00
 4.47867285e+00
 6.00112987e+00
 7.11137827e+00
 6.91800596e+00
 5.51064555e+00
 7.84524121e+00
 6.33324931e+00
 6.62319416e+00
 4.40889542e+00
 6.86077568e+00
 5.77247805e+00
 5.45885789e+00
 6.47105433e+00
 6.62336579e+00
 6.45262363e+00
 7.10336453e+00
 7.39920198e+00
 2.97995312e+00
 7.44490103e+00
 7.22672169e+00
 6.56745132e+00
 7.06997013e+00
 5.98377212e+00
 8.74997760e+00
 6.27843129e+00
 6.95917836e+00
 8.03941921e+00
 5.98832721e+00
 7.20556658e+00
 7.79768357e+00
 5.96912399e+00
 7.47044840e+00
 6.41447140e+00
 5.78361198e+00
 5.47965231e+00
 6.08696591e+00
 3.42667655e+00
 5.22797293e+00
 4.97139650e+00
 6.59861767e+00
 6.52549785e+00
 3.20778508e+00
 5.20100597e+00
 4.45269541e+00
 5.17863808e+00
 5.73704611e+00
 4.77812070e+00
 4.05794561e+00
 4.44652580e+00
 5.72271239e+00
 6.13292717e+00
 4.58335403e+00
 4.73272800e+00
 7.07421331e+00
 4.25091392e+00
 6.76853421e+00
 4.33162246e+00
 4.21748577e+00
 4.55861910e+00
 5.01694033e+00
 5.16723761e+00
 3.71181882e+00
 3.32117699e+00
 3.88272872e+00
 5.85919622e+00
 7.30194455e+00
 5.59373025e+00
 8.54201949e+00
 6.82495118e+00
 7.09839932e+00
 6.80300256e+00
 6.92447713e+00
 7.35792798e+00
 4.45402905e+00
 6.33896456e+00
 5.36140348e+00
 6.85652171e+00
 6.70133618e+00
 6.50685069e+00
 8.01481503e+00
 7.70915421e+00
 7.47642123e+00
 7.32251005e+00
 4.92809267e+00
 7.17016570e+00
 5.55602172e+00
 4.16822580e+00
 3.90273688e+00
 6.05182708e+00
 3.47510193e+00
 3.94133442e+00
 4.03711738e+00
 4.91073932e+00
 5.10726845e+00
 4.54901606e+00
 6.17117602e+00
 4.92382661e+00
 3.75241356e+00
 5.75899082e+00
 8.35181136e+00
 4.80487798e+00
 6.22755160e+00
 6.00812808e+00
 4.70716546e+00
 6.41857844e+00
 6.45036699e+00
 6.15205649e+00
 5.46305038e+00
 6.23395641e+00
 4.49600049e+00
 7.27604548e+00
 6.33893717e+00
 4.39104688e+00
 6.36865643e+00
 4.36213102e+00
 5.38168209e+00
 6.01521023e+00
 4.61884677e+00
 6.16447280e+00
 5.48465454e+00
 6.14611416e+00
 5.83101572e+00
 7.70345229e+00
 7.44960318e+00
 6.86999853e+00
 7.36315332e+00
 5.71578563e+00
 7.26066265e+00
 6.08727312e+00
 6.27858843e+00
 7.25594677e+00
 5.41453995e+00
 4.11438090e+00
 7.97669964e+00
 6.12233048e+00
 5.91360374e+00
 4.13213731e+00
 5.66419113e+00
 5.33543111e+00
 4.53780680e+00
 5.79422789e+00
 5.22735109e+00
 4.64683149e+00
 4.40301564e+00
 7.82752468e+00
 5.99512980e+00
 6.47940211e+00
 3.04014984e+00
 3.92579147e+00
 4.11617045e+00
 4.53441784e+00
 5.41476506e+00
 4.54863485e+00
 6.14562985e+00
 4.54690878e+00
 4.98177091e+00
 4.22895219e+00
 6.83067029e+00
 7.37916466e+00
 6.68410920e+00
 4.67948748e+00
 7.95860536e+00
 4.24675383e+00
 7.50448104e+00
 5.10021162e+00
 5.64418119e+00
 5.00747768e+00
 5.88250653e+00
 4.10890068e+00
 6.78288588e+00
 5.82493589e+00
 6.23047457e+00
 5.43796148e+00
 6.50875795e+00
 6.25724293e+00
 6.97466076e+00
 6.71834510e+00
 6.27368498e+00
 6.65814926e+00
 7.31444930e+00
 5.75805673e+00
 7.09849385e+00
 6.57736379e+00
 5.75568358e+00
 7.07994527e+00
 6.90023313e+00
 6.84496293e+00
 5.50620146e+00
 4.98522697e+00
 7.36802433e+00
 5.20645678e+00
 7.29445719e+00
 5.46636384e+00
 5.92866920e+00
 6.73629766e+00
 5.94827876e+00
 6.75905834e+00
 8.21901348e+00
 5.71224792e+00
 5.08790653e+00
 4.20569797e+00
 6.17404527e+00
 8.45541096e+00
 7.65496719e+00
 5.72419283e+00
 4.82458966e+00
 3.01061965e+00
 7.19190263e+00
 6.14058216e+00
 7.72131110e+00
 5.83635851e+00
 3.78274539e+00
 6.46772559e+00
 6.72624281e+00
 6.08048438e+00
 4.98632621e+00
 3.86793141e+00
 5.42635822e+00
 6.07748379e+00
 6.68690680e+00
 7.09776730e+00
 5.71160084e+00
 2.59710579e+00
 5.42839778e+00
 3.67016491e+00
 3.44963097e+00
 5.99393293e+00
 6.73649929e+00
 6.50162146e+00
 7.52004268e+00
 6.20754993e+00
 6.09840227e+00
 7.02594937e+00
 4.62584543e+00
 5.88348398e+00
 6.16732089e+00
 7.26114675e+00
 3.28550708e+00
 4.49525939e+00
 3.55515893e+00
 4.47062703e+00
 4.40942275e+00
 4.17825350e+00
 4.34550335e+00
 4.61802128e+00
 4.19527733e+00
 4.92724900e+00
 6.17199699e+00
 5.53217403e+00
 7.55645380e+00
 6.05314392e+00
 6.74845144e+00
 6.39206840e+00
 7.10395025e+00
 8.05796075e+00
 6.28659971e+00
 4.55001408e+00
 7.43924859e+00
 5.65678122e+00
 5.69971201e+00
 5.89132858e+00
 6.48847367e+00
 6.24297259e+00
 7.72307972e+00
 6.91854565e+00
 5.03730669e+00
 5.18973725e+00
 4.46331161e+00
 5.56126160e+00
 4.54083178e+00
 5.16001032e+00
 6.23544798e+00
 4.95850959e+00
 3.68116066e+00
 3.59945561e+00
 3.81218137e+00
 5.37264886e+00
 5.52561967e+00
 6.76000311e+00
 5.32500956e+00
 6.45856584e+00
 6.85591422e+00
 5.31649500e+00
 5.68145530e+00
 4.92999024e+00
 5.05824411e+00
 6.85458385e+00
 4.14449350e+00
 4.53812226e+00
 4.05046194e+00
 3.59360765e+00
 4.84408289e+00
 4.84520656e+00
 6.25475046e+00
 4.39488784e+00
 4.95128961e+00
 3.71346720e+00
 5.95066495e+00
 5.83598044e+00
 4.29154776e+00
 7.56407357e+00
 4.70124006e+00
 4.61698412e+00
 6.56434834e+00
 5.60624811e+00
 6.39298451e+00
 2.69064910e+00
 3.19748814e+00
 5.77449182e+00
 5.12981683e+00
 2.57304373e+00
 7.53992439e+00
 5.47892000e+00
 4.07626760e+00
 3.39225548e+00
 4.06323194e+00
 2.92877003e+00
 2.69274222e+00
 4.88420203e+00
 3.47878552e+00
 4.65366660e+00
 5.49145702e+00
 6.37901698e+00
 5.59268643e+00
 5.89619196e+00
 5.86224094e+00
 6.19195184e+00
 6.17812629e+00
 6.24857509e+00
 7.16506658e+00
 3.81027113e+00
 4.31657445e+00
 3.20856302e+00
 5.06994660e+00
 3.10676143e+00
 4.18884288e+00
 4.22716834e+00
 6.52074025e+00
 6.89656070e+00
 4.99271190e+00
 5.39360850e+00
 6.10157273e+00
 5.90846453e+00
 4.98110487e+00
 5.77197056e+00
 5.79789317e+00
 7.10189764e+00
 2.21890454e+00
 5.13893127e+00
 3.80856833e+00
 1.91752978e+00
 3.98535236e+00
 2.55120139e+00
 7.74259857e+00
 5.58972965e+00
 4.79502967e+00
 6.56633983e+00
 4.99718215e+00
 6.66927128e+00
 5.46406967e+00
 4.12618547e+00
 6.49183075e+00
 6.07192099e+00
 4.53774402e+00
 3.66552540e+00
 4.18099227e+00
 4.50975468e+00
 2.14814209e+00
 1.36093824e+00
 1.29690463e+00
 3.89071388e+00
 4.67349521e+00
 5.49999437e+00
 6.32489719e+00
 4.49151851e+00
 6.20154822e+00
 4.82802450e+00
 3.34877760e+00
 2.09739992e+00
 2.66688680e+00
 1.15701786e+00
 3.27473235e+00
 4.13156177e+00
 4.24269218e+00
 4.21809911e+00
 1.15701786e+00
 5.98033108e+00
 3.67521302e+00
 5.69573029e+00
 1.15701786e+00
 4.21131830e+00
 5.19064038e+00
 2.94259681e+00
 4.98710727e+00
 1.19616686e+00
 5.14068528e+00
 3.14799725e+00
 3.94279798e+00
 3.95891258e+00
 1.15701786e+00
 1.15701786e+00
 1.15701786e+00
 3.75576495e+00
 1.15701786e+00
 5.48971373e+00
 2.85009384e+00
 4.26425300e+00
 4.72112327e+00
 1.15701786e+00
 1.15701786e+00
 2.12862951e+00
 3.05948512e+00
 1.15701786e+00
 4.49142588e+00
 1.39556739e+00
 4.91520224e+00
 4.18260804e+00
 4.22919969e+00
 4.50168321e+00
 1.19616659e+00
 2.16512836e+00
 4.06971480e+00
 2.88263019e+00
 1.15701786e+00
 1.15701786e+00
 2.15679941e+00
 1.15701786e+00
 7.11021506e+00
 6.30249453e+00
 4.51019957e+00
 4.08983638e+00
 2.20716614e+00
 4.94888354e+00
 1.15701786e+00
 1.33925028e+00
 6.80959424e+00
 3.59807868e+00
 5.54583805e+00
 3.66679196e+00
 5.11334760e+00
 4.09783248e+00
 6.03013380e+00
 3.36942657e+00
 3.52738080e+00
 2.47758997e+00
 4.79091983e+00
 4.69326244e+00
 2.85721695e+00
 6.08422414e+00
 4.43118200e+00
 2.80451793e+00
 3.03813615e+00
 3.54860152e+00
 3.86038035e+00
 4.68926860e+00
 4.21577860e+00
 7.07341430e+00
 5.16925185e+00
 6.49369476e+00
 4.24363491e+00
 5.82864676e+00
 6.31102139e+00
 4.59839906e+00
 4.44954328e+00
 6.24835713e+00
 6.11856665e+00
 5.80462060e+00
 4.23818592e+00
 1.52084942e+00
 4.95900430e+00
 4.50931701e+00
 5.10484497e+00
 2.93679199e+00
 4.35459134e+00
 2.60512662e+00
 4.06707171e+00
 4.11434738e+00
 3.63468329e+00
 5.64751245e+00
 4.10873918e+00
 2.14868992e+00
 5.91345675e+00
 3.76906862e+00
 3.71145125e+00
 3.63406018e+00
 4.76289330e+00
 5.89778166e+00
 4.62453158e+00
 6.81031026e+00
 4.59761212e+00
 3.53398295e+00
 5.77106026e+00
 1.33992606e+00
 2.81046594e+00
 5.16529448e+00
 4.43375012e+00
 3.49335847e+00
 3.63752969e+00
 4.20227651e+00
 5.45967950e+00
 4.90712256e+00
 4.46975988e+00
 3.95777684e+00
 6.02795409e+00
 4.70054190e+00
 4.40895299e+00
 5.70236708e+00
 3.74770246e+00
 5.43343172e+00
 8.06957853e+00
 5.78250199e+00
 7.26755794e+00
 4.99693661e+00
 2.49846831e+00
 5.17524011e+00
 3.64375861e+00
 6.22749612e+00
 3.74770246e+00
 4.99693661e+00
 6.37774300e+00
 3.74770246e+00
 2.49846831e+00
 6.34534116e+00
 5.21335596e+00
 3.80463331e+00
 3.59408992e+00
 6.80521651e+00
 7.23932317e+00
 5.89216003e+00
 5.33763413e+00
 4.41421103e+00
 4.35562826e+00
 5.15321794e+00
 6.35641420e+00
 5.06139783e+00
 5.15830631e+00
 2.60529973e+00
 3.64003201e+00
 5.37739988e+00
 4.91510627e+00
 4.03590265e+00
 4.00162952e+00
 5.27430830e+00
 6.37078889e+00
 4.15773458e+00
 5.48824543e+00
 1.15643715e+00
 3.51826274e+00
 4.75343570e+00
 3.46899071e+00
 4.23138548e+00
 3.80486607e+00
 4.62574733e+00
 1.15643628e+00
 1.15643668e+00
 5.87062094e+00
 4.36695023e+00
 4.19193898e+00
 4.62574764e+00
 4.75784210e+00
 6.81476048e+00
 4.95664262e+00
 2.09087679e+00
 5.22443308e+00
 5.62635572e+00
 5.28614554e+00
 5.40525751e+00
 3.92802714e+00
 3.60258263e+00
 2.51477697e+00
 3.90858464e+00
 5.52023321e+00
 6.76074592e+00
 3.06370656e+00
 5.73094282e+00
 5.14890502e+00
 6.19900444e+00
 4.31847184e+00
 5.45530834e+00
 3.94375766e+00
 3.64674791e+00
 4.86324324e+00
 4.32347676e+00
 4.34535595e+00
 7.55260457e+00
 5.22713190e+00
 5.30597065e+00
 4.41948123e+00
 3.63852072e+00
 4.83490467e+00
 3.40071128e+00
 5.67640945e+00
 2.80780574e+00
 5.22969642e+00
 3.94677893e+00
 4.64118633e+00
 6.03952236e+00
 6.64340937e+00
 4.58818619e+00
 2.70437727e+00
 4.91283317e+00
 5.10851741e+00
 4.37297702e+00
 3.79654541e+00
 3.78609054e+00
 4.12660719e+00
 1.09305326e+00
 4.30449150e+00
 1.09305300e+00
 1.97268719e+00
 4.02764535e+00
 2.94123367e+00
 3.19035847e+00
 4.42155054e+00
 3.73514518e+00
 4.54385439e+00
 2.92165793e+00
 1.09305266e+00
 6.53003856e+00
 1.09305269e+00
 4.50290200e+00
 1.09305305e+00
 1.09305336e+00
 1.09305356e+00
 1.09305366e+00
 1.09305313e+00
 1.09305297e+00
 1.09305293e+00
 1.09305310e+00
 1.09305272e+00
 1.09305318e+00
 1.09305309e+00
 1.09305306e+00
 3.74251230e+00
 1.09305372e+00
 1.09305329e+00
 1.09305319e+00
 1.09305288e+00
 2.66528947e+00
 1.09305327e+00
 1.09305299e+00
 1.09305318e+00
 1.09305272e+00
 1.09305322e+00
 1.09305323e+00
 3.35788906e+00
 1.09305340e+00
 1.09305298e+00
 2.77851492e+00
 5.10759637e+00
 2.77851503e+00
 5.87054051e+00
 6.27603206e+00
 5.09681295e+00
 6.47539402e+00
 2.50051374e+00
 2.50051374e+00
 5.06000163e+00
 4.53468918e+00
 6.25736718e+00
 6.16735521e+00
 1.21586163e+00
 5.09269499e+00
 3.90388358e+00
 5.19202808e+00
 4.66465877e+00
 2.54300475e+00
 5.13279511e+00
 3.65819281e+00
 2.58773265e+00
 3.09447383e+00
 4.32028209e+00
 6.20745323e+00
 5.07797336e+00
 3.84027408e+00
 5.55356368e+00
 5.15257276e+00
 4.64109468e+00
 1.28874307e+00
 3.89965827e+00
 5.57563038e+00
 1.24531601e+00
 3.81685635e+00
 6.03032436e+00
 2.49728995e+00
 4.99457991e+00
 1.21324897e+00
 3.86635809e+00
 6.10179513e+00
 5.49549802e+00
 3.58928661e+00
 4.62305842e+00
 3.58928661e+00
 3.58928662e+00
 2.39285775e+00
 3.58928661e+00
 4.78571549e+00
 3.58928662e+00
 3.58928662e+00
 6.54667595e+00
 3.58928661e+00
 3.58928661e+00
 6.17547064e+00
 5.71010436e+00
 2.09770112e+00
 4.78571548e+00
 4.92632214e+00
 3.58928661e+00
 2.39285774e+00
 3.58928661e+00
 4.78571548e+00
 4.78571550e+00
 2.65479772e+00
 6.48922377e+00
 1.26883287e+00
 2.55891623e+00
 5.08449768e+00
 3.82798922e+00
 4.72488463e+00
 1.27351658e+00
 2.54703316e+00
 1.29505913e+00
 3.61850688e+00
 2.50642805e+00
 5.39651014e+00
 2.50642804e+00
 2.50642804e+00
 3.75964206e+00
 3.75964207e+00
 2.50642804e+00
 3.75964207e+00
 1.23737313e+00
 2.91619582e+00
 3.93178109e+00
 5.27472929e+00
 3.92598637e+00
 2.61732425e+00
 3.89668078e+00
 1.24757420e+00
 3.74272261e+00
 2.49514841e+00
 3.79151816e+00
 3.93714322e+00
